1.48672e-06
1.4876e-06
1.48411e-06
1.47773e-06
1.49051e-06
1.52645e-06
1.53182e-06
1.44402e-06
1.28466e-06
1.17801e-06
1.28491e-06
1.74724e-06
2.70314e-06
4.35036e-06
7.01652e-06
1.1226e-05
1.77795e-05
2.7865e-05
4.32149e-05
6.63207e-05
0.000100719
0.000151368
0.000225121
0.000331338
0.000482617
0.000695694
0.000992489
0.0014013
0.00195813
0.00270807
0.00370678
0.00502177
0.00673356
0.00893649
0.011739
0.0152629
0.0196425
0.0250215
0.0315493
0.0393762
0.0486463
0.0594897
0.0720139
0.0862931
0.102359
0.120192
0.139708
0.160757
0.183118
0.206492
0.230511
0.254743
0.278701
0.301858
0.323668
0.343585
0.361084
0.375688
0.386984
0.394649
0.398459
0.398303
0.39419
0.386245
0.374703
0.359901
0.342258
0.322257
0.300421
0.277296
0.25342
0.229313
0.205452
0.182257
0.160088
0.13923
0.119897
0.102233
0.0863139
0.0721576
0.0597306
0.0489585
0.0397353
0.0319335
0.025412
0.0200242
0.0156243
0.0120719
0.00923596
0.00699717
0.00524927
0.00389955
0.00286859
0.00208962
0.00150731
0.00107679
0.000761212
0.000535325
0.000361579
0.000292509
1.48672e-06
