1.48672e-06
1.48672e-06
1.48673e-06
1.48684e-06
1.48762e-06
1.49159e-06
1.50714e-06
1.5565e-06
1.68757e-06
1.98722e-06
2.59277e-06
3.70245e-06
5.59242e-06
8.65123e-06
1.34395e-05
2.07771e-05
3.18584e-05
4.84019e-05
7.28436e-05
0.00010859
0.000160345
0.000234523
0.00033977
0.000487586
0.000693082
0.000975857
0.00136099
0.00188016
0.00257278
0.00348723
0.00468195
0.00622649
0.0082022
0.0107025
0.013833
0.0177098
0.0224586
0.0282114
0.0351025
0.0432636
0.0528176
0.0638716
0.0765084
0.0907785
0.106691
0.124208
0.143233
0.163609
0.185117
0.207472
0.230327
0.253283
0.275892
0.297678
0.318147
0.336808
0.353193
0.366873
0.377479
0.38472
0.388392
0.388392
0.38472
0.377479
0.366873
0.353193
0.336808
0.318147
0.297678
0.275892
0.253282
0.230327
0.207472
0.185117
0.163609
0.143233
0.124208
0.106691
0.0907785
0.0765084
0.0638716
0.0528176
0.0432635
0.0351025
0.0282114
0.0224586
0.0177098
0.013833
0.0107025
0.00820219
0.00622649
0.00468195
0.00348723
0.00257278
0.00188016
0.00136099
0.000975857
0.000693082
0.000487585
0.00033977
